0 0.122788 0.227510 0.121681 0.058670
2 0.151549 0.264016 0.068584 0.011734
1 0.248894 0.252282 0.090708 0.022164
3 0.257743 0.215776 0.095133 0.019557
0 0.425885 0.208605 0.099558 0.057366
2 0.410398 0.264016 0.064159 0.011734
1 0.550885 0.253585 0.079646 0.024772
3 0.561947 0.216428 0.097345 0.020860
0 0.122788 0.636245 0.121681 0.041721
2 0.144912 0.664928 0.059735 0.013038
1 0.247788 0.681226 0.088496 0.024772
3 0.257743 0.643416 0.108407 0.022164
1 0.551991 0.681226 0.077434 0.024772
0 0.547566 0.585398 0.099558 0.059974
3 0.561947 0.644068 0.101770 0.020860
2 0.517699 0.621252 0.035398 0.011734
0 0.796460 0.600391 0.234513 0.027379
2 0.710177 0.627119 0.061947 0.023468
1 0.836283 0.674055 0.128319 0.031291
3 0.852876 0.623859 0.090708 0.029987
0 0.359513 0.778357 0.108407 0.041721
2 0.338496 0.810952 0.066372 0.023468
3 0.387168 0.844198 0.132743 0.029987
1 0.375000 0.895698 0.117257 0.031291
0 0.866150 0.791395 0.108407 0.044329
2 0.847345 0.836375 0.070796 0.022164
3 0.875000 0.864407 0.108407 0.020860
1 0.866150 0.902216 0.095133 0.023468
