0 0.402655 0.149283 0.141593 0.027379
1 0.394912 0.327249 0.117257 0.028683
3 0.408186 0.281617 0.103982 0.026076
0 0.571903 0.307692 0.108407 0.013038
1 0.879425 0.320730 0.130531 0.036506
0 0.102876 0.586050 0.117257 0.027379
1 0.394912 0.612777 0.121681 0.028683
3 0.405973 0.565841 0.103982 0.028683
0 0.630531 0.593872 0.234513 0.016949
1 0.877212 0.605606 0.121681 0.032595
0 0.108407 0.879400 0.132743 0.014342
1 0.284292 0.908735 0.121681 0.031291
0 0.557522 0.890482 0.084071 0.015645
1 0.868363 0.909387 0.134956 0.029987
3 0.878319 0.861799 0.101770 0.026076
