4 0.494469 0.029987 0.404867 0.033898
0 0.097345 0.439374 0.115044 0.046936
1 0.275442 0.477184 0.095133 0.028683
2 0.094027 0.480443 0.108407 0.032595
0 0.400442 0.449804 0.088496 0.044329
1 0.580752 0.476532 0.095133 0.027379
2 0.394912 0.485007 0.073009 0.023468
0 0.722345 0.449153 0.130531 0.043025
1 0.894912 0.476532 0.095133 0.027379
2 0.710177 0.485658 0.110619 0.024772
0 0.088496 0.663625 0.106195 0.044329
1 0.274336 0.690352 0.101770 0.027379
2 0.105088 0.698827 0.126106 0.020860
0 0.869469 0.619948 0.079646 0.027379
1 0.892699 0.690352 0.095133 0.027379
2 0.877212 0.651890 0.095133 0.033898
0 0.081858 0.875489 0.084071 0.043025
1 0.274336 0.911343 0.092920 0.026076
2 0.078540 0.913950 0.073009 0.033898
0 0.722345 0.893742 0.121681 0.029987
1 0.896018 0.910691 0.088496 0.027379
2 0.723451 0.920469 0.123894 0.023468
