4 0.506637 0.023468 0.424779 0.036506
0 0.085177 0.198175 0.090708 0.015645
2 0.071903 0.235332 0.064159 0.011734
1 0.258850 0.217080 0.097345 0.032595
3 0.269912 0.181226 0.119469 0.020860
0 0.407080 0.189700 0.101770 0.014342
2 0.380531 0.235332 0.048673 0.014342
1 0.555310 0.216428 0.110619 0.028683
0 0.075221 0.368970 0.070796 0.028683
2 0.098451 0.411995 0.112832 0.015645
1 0.258850 0.394394 0.106195 0.032595
0 0.398230 0.342894 0.084071 0.057366
1 0.557522 0.393090 0.097345 0.035202
2 0.448009 0.412647 0.077434 0.016949
0 0.401549 0.637549 0.090708 0.044329
2 0.389381 0.665580 0.066372 0.011734
1 0.546460 0.647979 0.075221 0.031291
0 0.146018 0.891786 0.212389 0.031291
2 0.108407 0.923729 0.132743 0.014342
1 0.548673 0.906780 0.101770 0.032595
0 0.724558 0.891786 0.108407 0.031291
1 0.893805 0.911343 0.097345 0.028683
2 0.707965 0.926336 0.070796 0.016949
0 0.714602 0.602999 0.084071 0.045632
1 0.893805 0.649283 0.088496 0.026076
2 0.695796 0.664276 0.055310 0.014342
0 0.733407 0.298566 0.121681 0.031291
2 0.696903 0.361147 0.053097 0.013038
1 0.884956 0.346806 0.119469 0.033898
