0 0.498894 0.028031 0.227876 0.032595
0 0.867257 0.121904 0.132743 0.029987
1 0.867257 0.318774 0.119469 0.027379
2 0.876106 0.183833 0.154867 0.091265
3 0.880531 0.280965 0.106195 0.027379
0 0.178097 0.579531 0.272124 0.016949
1 0.602876 0.604302 0.126106 0.027379
2 0.195796 0.621904 0.307522 0.018253
3 0.617257 0.565841 0.092920 0.028683
0 0.151549 0.870274 0.219027 0.027379
1 0.368363 0.900261 0.126106 0.029987
3 0.382743 0.861799 0.092920 0.028683
0 0.846239 0.705997 0.148230 0.029987
1 0.856195 0.896349 0.110619 0.032595
3 0.888274 0.865711 0.064159 0.018253
