0 0.174779 0.599739 0.265487 0.028683
1 0.425885 0.619296 0.095133 0.028683
2 0.097345 0.627771 0.110619 0.024772
0 0.612832 0.589961 0.207965 0.029987
1 0.893805 0.617992 0.097345 0.028683
2 0.559735 0.622555 0.101770 0.032595
0 0.118363 0.874837 0.152655 0.044329
1 0.279867 0.910691 0.103982 0.027379
2 0.089602 0.913950 0.099558 0.033898
0 0.421460 0.873533 0.139381 0.044329
1 0.578540 0.910691 0.099558 0.029987
2 0.414823 0.914602 0.117257 0.032595
0 0.724558 0.863755 0.130531 0.043025
1 0.894912 0.911995 0.095133 0.029987
2 0.715708 0.909387 0.117257 0.043025
