4 0.509956 0.024772 0.426991 0.036506
0 0.119469 0.457627 0.154867 0.031291
1 0.268805 0.477836 0.095133 0.024772
2 0.110619 0.490222 0.137168 0.015645
3 0.276549 0.440678 0.088496 0.026076
0 0.423673 0.429596 0.134956 0.045632
2 0.391593 0.485007 0.070796 0.023468
1 0.567478 0.477836 0.086283 0.024772
3 0.580752 0.441330 0.095133 0.024772
0 0.715708 0.427640 0.117257 0.044329
2 0.698009 0.484355 0.077434 0.024772
1 0.882743 0.477836 0.092920 0.024772
3 0.894912 0.440026 0.090708 0.022164
0 0.105088 0.656454 0.130531 0.058670
2 0.082965 0.698175 0.081858 0.022164
1 0.265487 0.687744 0.088496 0.027379
0 0.420354 0.657106 0.128319 0.057366
2 0.382743 0.703390 0.048673 0.014342
1 0.567478 0.685789 0.099558 0.031291
0 0.722345 0.656454 0.130531 0.058670
1 0.882743 0.687093 0.092920 0.028683
2 0.696903 0.698827 0.070796 0.026076
0 0.577434 0.823338 0.128319 0.045632
1 0.568584 0.909387 0.101770 0.029987
2 0.537611 0.852673 0.053097 0.013038
