4 0.503319 0.027379 0.254425 0.041721
0 0.585177 0.320078 0.165929 0.019557
1 0.893805 0.333116 0.101770 0.029987
0 0.618363 0.597132 0.214602 0.018253
1 0.892699 0.619296 0.099558 0.028683
2 0.536504 0.633638 0.059735 0.015645
2 0.653761 0.346806 0.050885 0.013038
0 0.097345 0.597784 0.119469 0.019557
1 0.428097 0.619948 0.099558 0.027379
2 0.066372 0.632986 0.053097 0.014342
0 0.407080 0.827249 0.088496 0.014342
1 0.426991 0.910691 0.092920 0.027379
2 0.387168 0.884615 0.053097 0.014342
0 0.883850 0.840939 0.117257 0.028683
1 0.891593 0.910039 0.097345 0.026076
2 0.858407 0.884615 0.061947 0.011734
