0 0.096239 0.308344 0.103982 0.014342
1 0.485619 0.327249 0.121681 0.031291
3 0.495575 0.282269 0.097345 0.024772
0 0.679204 0.301173 0.154867 0.026076
1 0.867257 0.327901 0.119469 0.029987
3 0.880531 0.280965 0.106195 0.027379
3 0.100664 0.570404 0.112832 0.014342
1 0.359513 0.612777 0.126106 0.028683
3 0.369469 0.566493 0.106195 0.027379
0 0.526549 0.579531 0.101770 0.040417
1 0.877212 0.604954 0.121681 0.031291
0 0.107301 0.810952 0.130531 0.028683
1 0.227876 0.893090 0.128319 0.031291
0 0.860619 0.747718 0.123894 0.058670
1 0.878319 0.893742 0.128319 0.032595
