4 0.500000 0.028031 0.234513 0.029987
0 0.369469 0.126467 0.084071 0.015645
1 0.391593 0.258801 0.101770 0.027379
3 0.410398 0.220339 0.077434 0.031291
0 0.359513 0.337679 0.064159 0.015645
1 0.403761 0.462842 0.117257 0.036506
0 0.086283 0.676662 0.088496 0.015645
1 0.392699 0.685137 0.126106 0.032595
3 0.405973 0.637549 0.099558 0.028683
0 0.575221 0.675359 0.115044 0.013038
1 0.866150 0.684485 0.112832 0.031291
3 0.878319 0.638201 0.092920 0.027379
0 0.094027 0.900913 0.103982 0.015645
1 0.404867 0.900261 0.115044 0.029987
0 0.579646 0.900913 0.128319 0.015645
1 0.856195 0.896349 0.106195 0.029987
3 0.887168 0.867666 0.070796 0.019557
