4 0.500000 0.028031 0.238938 0.037810
0 0.522124 0.366362 0.163717 0.044329
2 0.512168 0.406128 0.143805 0.035202
1 0.495575 0.473272 0.088496 0.028683
3 0.503319 0.441330 0.095133 0.022164
0 0.486726 0.558670 0.092920 0.027379
1 0.502212 0.618644 0.092920 0.027379
2 0.475664 0.585398 0.075221 0.020860
0 0.712389 0.578227 0.101770 0.027379
1 0.892699 0.619948 0.086283 0.024772
2 0.734513 0.616037 0.146018 0.043025
0 0.492257 0.777705 0.103982 0.043025
1 0.484513 0.904824 0.092920 0.028683
2 0.493363 0.816819 0.106195 0.035202
3 0.508850 0.880052 0.066372 0.015645
0 0.711283 0.886571 0.099558 0.044329
1 0.884956 0.913299 0.092920 0.024772
2 0.724558 0.920469 0.126106 0.023468
3 0.894912 0.870926 0.081858 0.031291
