0 0.080752 0.471969 0.077434 0.015645
1 0.393805 0.470013 0.106195 0.029987
3 0.407080 0.423077 0.097345 0.027379
0 0.598451 0.471969 0.165929 0.015645
1 0.872788 0.470013 0.108407 0.027379
3 0.875000 0.423729 0.103982 0.026076
0 0.138274 0.686441 0.192478 0.014342
1 0.397124 0.684485 0.117257 0.031291
3 0.410398 0.636245 0.108407 0.028683
0 0.570796 0.686441 0.110619 0.014342
1 0.869469 0.685137 0.106195 0.029987
3 0.878319 0.636245 0.097345 0.026076
0 0.097345 0.911343 0.110619 0.015645
1 0.394912 0.909387 0.095133 0.029987
3 0.408186 0.862451 0.103982 0.027379
0 0.584071 0.910039 0.132743 0.013038
1 0.861726 0.909387 0.103982 0.029987
3 0.877212 0.861147 0.117257 0.027379
