4 0.501106 0.028031 0.232301 0.029987
0 0.157080 0.241851 0.238938 0.019557
1 0.393805 0.318774 0.128319 0.027379
3 0.407080 0.279661 0.101770 0.027379
0 0.221239 0.614081 0.362832 0.018253
1 0.491150 0.604302 0.101770 0.027379
2 0.082965 0.629726 0.086283 0.015645
3 0.505531 0.564537 0.112832 0.028683
0 0.857301 0.554107 0.117257 0.015645
1 0.880531 0.604954 0.115044 0.033898
0 0.116150 0.880704 0.148230 0.029987
1 0.289823 0.899609 0.106195 0.033898
3 0.349558 0.867014 0.115044 0.028683
0 0.577434 0.876141 0.238938 0.015645
1 0.865044 0.900261 0.128319 0.027379
3 0.878319 0.861799 0.092920 0.028683
