0 0.170354 0.296610 0.265487 0.014342
1 0.393805 0.320078 0.110619 0.027379
3 0.407080 0.279661 0.106195 0.027379
0 0.595133 0.286180 0.159292 0.014342
1 0.857301 0.310952 0.134956 0.029987
3 0.882743 0.280965 0.079646 0.022164
0 0.088496 0.546284 0.088496 0.041721
1 0.257743 0.605606 0.134956 0.035202
0 0.465708 0.567797 0.201327 0.043025
1 0.554204 0.602999 0.126106 0.032595
0 0.723451 0.586050 0.115044 0.029987
1 0.878319 0.605606 0.110619 0.032595
0 0.098451 0.860495 0.112832 0.028683
1 0.246681 0.910039 0.121681 0.031291
3 0.259956 0.862451 0.099558 0.029987
0 0.414823 0.865059 0.103982 0.043025
1 0.543142 0.913299 0.126106 0.032595
3 0.556416 0.865711 0.081858 0.028683
0 0.723451 0.870926 0.119469 0.028683
1 0.865044 0.904172 0.101770 0.027379
3 0.877212 0.863103 0.108407 0.028683
