0 0.111726 0.296610 0.139381 0.014342
1 0.372788 0.326597 0.117257 0.027379
3 0.380531 0.279661 0.110619 0.024772
0 0.573009 0.307040 0.128319 0.014342
1 0.878319 0.319426 0.119469 0.033898
0 0.087389 0.541069 0.090708 0.015645
1 0.273230 0.611473 0.103982 0.028683
3 0.284292 0.565841 0.099558 0.028683
0 0.461283 0.604302 0.139381 0.016949
1 0.879425 0.605606 0.121681 0.029987
0 0.103982 0.829857 0.123894 0.027379
1 0.296460 0.901565 0.115044 0.029987
3 0.308628 0.854628 0.099558 0.027379
0 0.505531 0.893742 0.174779 0.014342
1 0.868363 0.901565 0.099558 0.029987
3 0.878319 0.854628 0.106195 0.027379
