4 0.504425 0.026076 0.243363 0.026076
0 0.399336 0.316167 0.148230 0.016949
1 0.409292 0.430248 0.115044 0.033898
0 0.811947 0.114081 0.084071 0.014342
1 0.857301 0.286832 0.117257 0.031291
3 0.879425 0.256845 0.073009 0.020860
0 0.867257 0.359844 0.137168 0.018253
1 0.876106 0.473272 0.110619 0.033898
0 0.067478 0.603651 0.050885 0.015645
1 0.396018 0.606258 0.106195 0.026076
3 0.408186 0.565189 0.077434 0.029987
0 0.068584 0.900261 0.053097 0.016949
1 0.394912 0.908735 0.103982 0.031291
3 0.405973 0.862451 0.103982 0.027379
0 0.827434 0.808996 0.053097 0.016949
1 0.878319 0.899609 0.123894 0.036506
