4 0.498894 0.027379 0.227876 0.028683
0 0.109513 0.226206 0.134956 0.029987
1 0.261062 0.318774 0.101770 0.027379
3 0.274336 0.281617 0.106195 0.026076
0 0.445796 0.243807 0.130531 0.015645
1 0.579646 0.314863 0.115044 0.032595
3 0.609513 0.286832 0.073009 0.020860
0 0.887168 0.375489 0.115044 0.015645
1 0.856195 0.601695 0.137168 0.035202
3 0.886062 0.570404 0.073009 0.016949
0 0.101770 0.564537 0.115044 0.028683
1 0.250000 0.600391 0.115044 0.029987
3 0.279867 0.571708 0.073009 0.019557
0 0.440265 0.605606 0.119469 0.014342
1 0.586283 0.614081 0.106195 0.031291
3 0.601770 0.565841 0.097345 0.026076
0 0.092920 0.730117 0.066372 0.015645
1 0.108407 0.776402 0.057522 0.016949
0 0.863938 0.717080 0.130531 0.028683
1 0.876106 0.903520 0.132743 0.036506
