4 0.498894 0.027379 0.232301 0.031291
0 0.099558 0.318774 0.110619 0.016949
1 0.866150 0.318123 0.121681 0.028683
3 0.880531 0.280965 0.075221 0.027379
0 0.106195 0.585398 0.128319 0.028683
1 0.256637 0.605606 0.115044 0.032595
0 0.418142 0.578879 0.101770 0.041721
1 0.558628 0.606258 0.112832 0.031291
0 0.748894 0.572360 0.165929 0.013038
1 0.880531 0.604954 0.115044 0.033898
0 0.120575 0.911343 0.161504 0.018253
1 0.371681 0.898305 0.110619 0.028683
3 0.418142 0.867666 0.119469 0.027379
0 0.598451 0.910691 0.165929 0.019557
1 0.845133 0.898957 0.115044 0.032595
3 0.892699 0.867014 0.099558 0.028683
