4 0.498894 0.027379 0.232301 0.026076
0 0.567478 0.250326 0.099558 0.073012
1 0.578540 0.333116 0.095133 0.027379
2 0.550885 0.297914 0.070796 0.022164
0 0.714602 0.306389 0.110619 0.044329
1 0.893805 0.333116 0.101770 0.027379
2 0.695796 0.342243 0.073009 0.024772
0 0.128319 0.582138 0.176991 0.045632
1 0.274336 0.617992 0.097345 0.028683
2 0.112832 0.622555 0.150442 0.035202
0 0.420354 0.603651 0.123894 0.041721
1 0.578540 0.618644 0.086283 0.029987
2 0.419248 0.632986 0.121681 0.014342
0 0.707965 0.602999 0.097345 0.045632
1 0.892699 0.618644 0.090708 0.027379
2 0.731195 0.632334 0.143805 0.013038
0 0.106195 0.893742 0.128319 0.029987
1 0.276549 0.911343 0.088496 0.026076
2 0.096239 0.919817 0.108407 0.022164
0 0.417035 0.892438 0.117257 0.027379
1 0.579646 0.911343 0.088496 0.026076
2 0.419248 0.918514 0.121681 0.024772
0 0.879425 0.817471 0.099558 0.054759
1 0.892699 0.911343 0.095133 0.028683
2 0.860619 0.859192 0.066372 0.023468
