4 0.498894 0.025424 0.236726 0.029987
0 0.095133 0.294003 0.106195 0.043025
1 0.243363 0.321382 0.106195 0.027379
3 0.256637 0.280965 0.101770 0.027379
2 0.094027 0.331812 0.108407 0.032595
0 0.463496 0.277053 0.196903 0.014342
1 0.559735 0.320078 0.110619 0.035202
0 0.726770 0.315515 0.121681 0.044329
1 0.878319 0.320078 0.119469 0.035202
0 0.096239 0.578227 0.108407 0.043025
1 0.253319 0.604302 0.112832 0.032595
0 0.417035 0.589309 0.103982 0.041721
1 0.556416 0.606910 0.112832 0.035202
0 0.728982 0.586050 0.130531 0.029987
1 0.877212 0.604302 0.112832 0.035202
0 0.144912 0.893090 0.205752 0.028683
1 0.396018 0.900913 0.106195 0.026076
3 0.407080 0.863103 0.106195 0.026076
0 0.558628 0.899609 0.086283 0.015645
1 0.879425 0.901565 0.117257 0.035202
