0 0.272124 0.164928 0.119469 0.071708
1 0.268805 0.327249 0.090708 0.023468
2 0.243363 0.214472 0.061947 0.022164
3 0.276549 0.290091 0.084071 0.022164
0 0.578540 0.165580 0.126106 0.057366
1 0.570796 0.327901 0.084071 0.027379
2 0.545354 0.205997 0.059735 0.023468
3 0.578540 0.290743 0.095133 0.023468
1 0.886062 0.327901 0.090708 0.024772
0 0.889381 0.166884 0.119469 0.073012
1 0.862832 0.215776 0.061947 0.022164
3 0.894912 0.288787 0.090708 0.024772
0 0.279867 0.449804 0.134956 0.073012
1 0.267699 0.620600 0.106195 0.026076
2 0.244469 0.498044 0.068584 0.023468
3 0.278761 0.582138 0.084071 0.022164
0 0.268805 0.748370 0.117257 0.059974
1 0.269912 0.912647 0.097345 0.026076
2 0.247788 0.795306 0.070796 0.031291
3 0.278761 0.875489 0.097345 0.024772
0 0.421460 0.863755 0.134956 0.043025
1 0.570796 0.911995 0.084071 0.024772
2 0.387168 0.898957 0.066372 0.024772
3 0.581858 0.875489 0.088496 0.027379
0 0.727876 0.868318 0.137168 0.057366
1 0.884956 0.911995 0.088496 0.024772
2 0.721239 0.904824 0.119469 0.015645
3 0.893805 0.875489 0.092920 0.024772
