4 0.500000 0.025424 0.230088 0.029987
0 0.171460 0.322686 0.258850 0.029987
1 0.498894 0.319426 0.121681 0.036506
2 0.066372 0.343546 0.048673 0.011734
0 0.362832 0.545632 0.203540 0.029987
1 0.340708 0.603651 0.110619 0.031291
2 0.290929 0.567797 0.059735 0.011734
0 0.527655 0.592568 0.121681 0.014342
1 0.876106 0.606258 0.110619 0.031291
0 0.129425 0.848761 0.174779 0.015645
1 0.119469 0.900913 0.115044 0.036506
2 0.063053 0.863755 0.046460 0.014342
0 0.369469 0.889179 0.190265 0.057366
1 0.540929 0.900261 0.117257 0.037810
2 0.301991 0.924381 0.090708 0.013038
0 0.738938 0.875489 0.119469 0.043025
1 0.880531 0.900913 0.110619 0.033898
2 0.719027 0.919817 0.119469 0.022164
