4 0.500000 0.027379 0.411504 0.041721
0 0.096239 0.589309 0.117257 0.031291
1 0.386062 0.604954 0.126106 0.036506
2 0.112832 0.629074 0.141593 0.024772
3 0.418142 0.573664 0.092920 0.020860
0 0.565265 0.599739 0.112832 0.028683
2 0.545354 0.626467 0.073009 0.022164
1 0.855088 0.614733 0.117257 0.037810
3 0.870575 0.556063 0.112832 0.043025
0 0.080752 0.889831 0.081858 0.019557
1 0.393805 0.906780 0.128319 0.035202
2 0.064159 0.913950 0.048673 0.013038
3 0.408186 0.854628 0.117257 0.027379
0 0.557522 0.874837 0.101770 0.046936
1 0.858407 0.902216 0.132743 0.041721
2 0.536504 0.911343 0.064159 0.013038
