0 0.106195 0.295958 0.132743 0.044329
1 0.566372 0.333768 0.106195 0.028683
2 0.105088 0.337027 0.130531 0.035202
0 0.737832 0.295958 0.134956 0.044329
1 0.892699 0.333768 0.095133 0.031291
2 0.721239 0.337027 0.101770 0.035202
0 0.176991 0.589309 0.274336 0.031291
1 0.566372 0.619296 0.106195 0.031291
2 0.091814 0.621904 0.099558 0.033898
0 0.740044 0.593220 0.139381 0.044329
1 0.893805 0.617992 0.097345 0.028683
2 0.711283 0.627771 0.081858 0.024772
0 0.134956 0.874185 0.190265 0.043025
1 0.565265 0.910691 0.090708 0.027379
2 0.091814 0.913950 0.099558 0.033898
0 0.736726 0.878096 0.132743 0.058670
1 0.893805 0.911343 0.101770 0.028683
2 0.712389 0.920469 0.079646 0.026076
