4 0.498894 0.027379 0.396018 0.028683
0 0.088496 0.235984 0.092920 0.044329
1 0.266593 0.262712 0.090708 0.027379
2 0.082965 0.269883 0.081858 0.023468
3 0.280973 0.222295 0.084071 0.029987
0 0.410398 0.218383 0.103982 0.058670
1 0.557522 0.262712 0.092920 0.027379
2 0.423673 0.265971 0.130531 0.033898
3 0.568584 0.221643 0.079646 0.031291
0 0.732301 0.239244 0.119469 0.016949
1 0.883850 0.264016 0.090708 0.027379
2 0.722345 0.265319 0.099558 0.032595
3 0.893805 0.225554 0.084071 0.026076
0 0.076327 0.456975 0.068584 0.029987
1 0.265487 0.472621 0.088496 0.029987
2 0.080752 0.484355 0.077434 0.022164
3 0.277655 0.439374 0.117257 0.026076
0 0.411504 0.456975 0.110619 0.029987
1 0.560841 0.474576 0.090708 0.028683
2 0.394912 0.484355 0.077434 0.024772
3 0.566372 0.440678 0.115044 0.023468
0 0.884956 0.349413 0.110619 0.044329
1 0.886062 0.473924 0.099558 0.027379
2 0.888274 0.398957 0.117257 0.054759
3 0.892699 0.441330 0.086283 0.024772
0 0.080752 0.670795 0.077434 0.029987
1 0.266593 0.687093 0.086283 0.028683
2 0.082965 0.698827 0.081858 0.023468
3 0.276549 0.654498 0.119469 0.028683
0 0.401549 0.656454 0.090708 0.061278
1 0.556416 0.691656 0.095133 0.027379
2 0.403761 0.698827 0.095133 0.020860
3 0.568584 0.649935 0.079646 0.032595
0 0.879425 0.546936 0.099558 0.043025
1 0.883850 0.691004 0.099558 0.026076
2 0.865044 0.585398 0.070796 0.033898
3 0.892699 0.649935 0.081858 0.029987
0 0.262168 0.817471 0.103982 0.057366
1 0.268805 0.909387 0.099558 0.029987
2 0.250000 0.853977 0.079646 0.015645
3 0.277655 0.876141 0.108407 0.023468
0 0.587389 0.803129 0.081858 0.044329
1 0.558628 0.910039 0.090708 0.028683
2 0.588496 0.843546 0.084071 0.033898
3 0.566372 0.876793 0.115044 0.024772
0 0.869469 0.818123 0.088496 0.014342
1 0.884956 0.909387 0.115044 0.029987
2 0.861726 0.841591 0.073009 0.032595
3 0.894912 0.876793 0.103982 0.019557
