0 0.738938 0.231421 0.128319 0.056063
1 0.866150 0.252934 0.086283 0.023468
3 0.878319 0.216428 0.101770 0.020860
2 0.767699 0.264668 0.070796 0.010430
0 0.134956 0.385267 0.128319 0.029987
1 0.125000 0.467405 0.099558 0.024772
2 0.096239 0.408083 0.046460 0.013038
3 0.133850 0.430900 0.108407 0.022164
0 0.737832 0.449804 0.117257 0.031291
2 0.711283 0.479791 0.068584 0.013038
1 0.867257 0.467405 0.097345 0.024772
3 0.877212 0.430248 0.112832 0.020860
0 0.097345 0.870926 0.092920 0.031291
1 0.248894 0.901565 0.090708 0.024772
3 0.259956 0.865059 0.112832 0.022164
0 0.413717 0.662321 0.079646 0.028683
2 0.410398 0.692960 0.068584 0.011734
1 0.549779 0.680574 0.086283 0.026076
3 0.560841 0.644068 0.099558 0.020860
0 0.738938 0.660365 0.115044 0.027379
2 0.712389 0.692308 0.066372 0.013038
3 0.877212 0.643416 0.099558 0.019557
1 0.866150 0.680574 0.077434 0.023468
0 0.459071 0.765319 0.134956 0.041721
2 0.439159 0.815515 0.095133 0.011734
1 0.464602 0.897001 0.123894 0.031291
3 0.477876 0.845502 0.137168 0.027379
