4 0.500000 0.028031 0.402655 0.035202
0 0.089602 0.610821 0.103982 0.032595
1 0.267699 0.616037 0.088496 0.029987
2 0.071903 0.632986 0.064159 0.011734
0 0.399336 0.578227 0.086283 0.029987
2 0.393805 0.606258 0.084071 0.020860
1 0.561947 0.620600 0.097345 0.028683
3 0.586283 0.587353 0.092920 0.019557
0 0.728982 0.603651 0.139381 0.046936
1 0.881637 0.616688 0.099558 0.028683
2 0.725664 0.632986 0.128319 0.011734
3 0.896018 0.582138 0.115044 0.022164
0 0.132743 0.899609 0.185841 0.018253
2 0.096239 0.920469 0.108407 0.026076
1 0.404867 0.912647 0.101770 0.028683
3 0.430310 0.880052 0.073009 0.015645
0 0.586283 0.882008 0.159292 0.029987
1 0.872788 0.911343 0.095133 0.026076
2 0.542035 0.907432 0.070796 0.023468
3 0.900442 0.880052 0.079646 0.020860
