4 0.501106 0.028031 0.404867 0.029987
0 0.413717 0.235332 0.110619 0.043025
1 0.554204 0.260104 0.073009 0.027379
2 0.383850 0.265971 0.050885 0.015645
3 0.561947 0.226858 0.092920 0.023468
0 0.737832 0.232073 0.134956 0.028683
1 0.884956 0.261408 0.088496 0.027379
2 0.706858 0.269883 0.073009 0.020860
3 0.893805 0.226858 0.084071 0.023468
0 0.417035 0.446545 0.117257 0.029987
1 0.559735 0.474576 0.097345 0.028683
2 0.422566 0.468057 0.132743 0.013038
3 0.563053 0.440678 0.086283 0.023468
0 0.737832 0.442634 0.134956 0.058670
1 0.883850 0.473924 0.095133 0.029987
2 0.743363 0.483703 0.141593 0.020860
3 0.894912 0.441330 0.117257 0.022164
0 0.111726 0.650587 0.143805 0.028683
1 0.266593 0.688396 0.090708 0.028683
2 0.106195 0.677966 0.128319 0.020860
3 0.276549 0.655150 0.097345 0.024772
0 0.426991 0.650587 0.141593 0.028683
1 0.556416 0.687744 0.095133 0.024772
2 0.393805 0.676010 0.075221 0.022164
3 0.566372 0.654498 0.084071 0.023468
0 0.743363 0.670795 0.150442 0.029987
1 0.882743 0.688396 0.092920 0.028683
2 0.706858 0.698175 0.073009 0.019557
3 0.894912 0.655802 0.086283 0.023468
0 0.080752 0.897001 0.077434 0.044329
1 0.264381 0.913299 0.103982 0.027379
2 0.066372 0.924381 0.044248 0.013038
3 0.280973 0.871578 0.084071 0.032595
0 0.413717 0.891786 0.123894 0.033898
1 0.557522 0.914602 0.101770 0.029987
2 0.376106 0.925033 0.039823 0.011734
3 0.566372 0.871578 0.084071 0.029987
0 0.735619 0.863103 0.130531 0.044329
1 0.882743 0.909387 0.092920 0.029987
2 0.707965 0.897653 0.079646 0.024772
3 0.889381 0.875489 0.088496 0.022164
