4 0.498894 0.026076 0.236726 0.028683
0 0.112832 0.314211 0.146018 0.031291
1 0.414823 0.331160 0.095133 0.031291
2 0.111726 0.341591 0.143805 0.023468
3 0.426991 0.298566 0.115044 0.020860
0 0.615044 0.314211 0.207965 0.028683
1 0.884956 0.331160 0.097345 0.028683
2 0.558628 0.340939 0.099558 0.024772
3 0.894912 0.297914 0.121681 0.024772
0 0.088496 0.589309 0.101770 0.031291
1 0.265487 0.621252 0.097345 0.029987
2 0.090708 0.621252 0.101770 0.032595
3 0.276549 0.578227 0.088496 0.029987
0 0.413717 0.591917 0.115044 0.041721
1 0.579646 0.617992 0.101770 0.028683
2 0.419248 0.626467 0.126106 0.024772
0 0.902655 0.500000 0.084071 0.043025
1 0.886062 0.619948 0.090708 0.027379
2 0.908186 0.541069 0.095133 0.036506
0 0.076327 0.891786 0.073009 0.028683
1 0.274336 0.911343 0.092920 0.028683
2 0.094027 0.919817 0.103982 0.024772
0 0.592920 0.831812 0.106195 0.028683
1 0.576327 0.911343 0.090708 0.026076
2 0.589602 0.868318 0.099558 0.044329
0 0.695796 0.831812 0.073009 0.041721
1 0.881637 0.913950 0.112832 0.026076
2 0.733407 0.893090 0.148230 0.075619
3 0.896018 0.870926 0.079646 0.031291
