4 0.500000 0.026076 0.234513 0.028683
0 0.096239 0.314211 0.108407 0.028683
1 0.275442 0.333116 0.086283 0.027379
2 0.105088 0.342894 0.126106 0.023468
0 0.577434 0.220991 0.079646 0.027379
1 0.558628 0.335724 0.090708 0.024772
2 0.585177 0.252934 0.095133 0.031291
3 0.565265 0.293351 0.077434 0.031291
0 0.725664 0.375489 0.106195 0.028683
1 0.882743 0.403520 0.092920 0.027379
2 0.719027 0.406780 0.092920 0.031291
3 0.893805 0.369622 0.092920 0.024772
0 0.417035 0.507171 0.121681 0.028683
1 0.555310 0.544980 0.097345 0.028683
2 0.420354 0.544980 0.128319 0.044329
3 0.566372 0.512386 0.092920 0.023468
0 0.101770 0.589309 0.119469 0.028683
1 0.276549 0.618644 0.097345 0.027379
2 0.094027 0.621252 0.103982 0.032595
3 0.278761 0.584094 0.088496 0.015645
0 0.744469 0.586701 0.143805 0.057366
1 0.892699 0.619948 0.095133 0.027379
2 0.717920 0.626467 0.095133 0.022164
0 0.101770 0.882008 0.119469 0.029987
1 0.266593 0.912647 0.095133 0.026076
2 0.088496 0.914602 0.092920 0.035202
3 0.276549 0.872229 0.084071 0.031291
0 0.411504 0.895698 0.110619 0.041721
1 0.567478 0.911343 0.095133 0.026076
2 0.412611 0.924381 0.112832 0.015645
3 0.565265 0.876793 0.068584 0.019557
0 0.716814 0.881356 0.088496 0.028683
1 0.883850 0.913950 0.090708 0.026076
2 0.717920 0.913950 0.090708 0.033898
3 0.896018 0.872229 0.084071 0.031291
