4 0.496681 0.028683 0.245575 0.028683
0 0.098451 0.232073 0.112832 0.028683
1 0.301991 0.273794 0.108407 0.028683
3 0.311947 0.234029 0.106195 0.027379
0 0.500000 0.272490 0.159292 0.015645
1 0.877212 0.274446 0.112832 0.032595
0 0.090708 0.604302 0.097345 0.016949
1 0.311947 0.605606 0.119469 0.029987
0 0.856195 0.452412 0.110619 0.028683
1 0.878319 0.606910 0.132743 0.035202
0 0.121681 0.846806 0.159292 0.016949
1 0.303097 0.900261 0.115044 0.027379
3 0.313053 0.863103 0.103982 0.028683
0 0.523230 0.857236 0.205752 0.014342
1 0.591814 0.900261 0.077434 0.035202
0 0.777655 0.857888 0.165929 0.015645
1 0.878319 0.902216 0.110619 0.033898
