4 0.845133 0.043025 0.234513 0.026076
0 0.288717 0.454368 0.103982 0.100391
1 0.266593 0.620600 0.108407 0.026076
2 0.272124 0.522164 0.075221 0.032595
3 0.275442 0.582790 0.095133 0.023468
0 0.556416 0.481095 0.081858 0.028683
1 0.571903 0.620600 0.108407 0.026076
2 0.548673 0.513690 0.066372 0.031291
3 0.578540 0.578227 0.086283 0.032595
0 0.701327 0.589961 0.079646 0.029987
1 0.886062 0.621252 0.099558 0.024772
2 0.691372 0.621252 0.059735 0.032595
3 0.893805 0.578227 0.084071 0.032595
0 0.292035 0.737940 0.092920 0.101695
1 0.266593 0.912647 0.099558 0.026076
2 0.280973 0.806389 0.070796 0.032595
3 0.272124 0.870926 0.088496 0.031291
0 0.569690 0.766623 0.112832 0.041721
1 0.569690 0.912647 0.103982 0.026076
2 0.547566 0.805737 0.068584 0.033898
3 0.577434 0.870926 0.079646 0.031291
0 0.869469 0.790743 0.079646 0.016949
1 0.888274 0.913950 0.095133 0.023468
2 0.859513 0.814863 0.059735 0.031291
3 0.892699 0.874837 0.086283 0.023468
