4 0.503319 0.026728 0.400442 0.032595
0 0.595133 0.250326 0.172566 0.015645
1 0.886062 0.263364 0.095133 0.026076
2 0.578540 0.276402 0.134956 0.018253
3 0.898230 0.222947 0.084071 0.031291
0 0.092920 0.450456 0.106195 0.045632
1 0.267699 0.474576 0.097345 0.028683
2 0.110619 0.485007 0.141593 0.023468
3 0.276549 0.440026 0.084071 0.024772
0 0.412611 0.447849 0.112832 0.029987
1 0.569690 0.477184 0.090708 0.026076
2 0.414823 0.480443 0.112832 0.032595
3 0.579646 0.436115 0.079646 0.032595
0 0.736726 0.446545 0.154867 0.029987
1 0.883850 0.477184 0.090708 0.026076
2 0.710177 0.479140 0.101770 0.032595
3 0.894912 0.436115 0.086283 0.032595
0 0.103982 0.672751 0.128319 0.028683
1 0.266593 0.691656 0.090708 0.027379
2 0.107301 0.699478 0.130531 0.022164
3 0.276549 0.649935 0.084071 0.032595
0 0.432522 0.649935 0.152655 0.029987
1 0.569690 0.692960 0.095133 0.027379
2 0.424779 0.688396 0.137168 0.041721
3 0.579646 0.655150 0.088496 0.024772
0 0.694690 0.672099 0.075221 0.032595
1 0.884956 0.691656 0.084071 0.024772
2 0.701327 0.698827 0.084071 0.023468
3 0.890487 0.650587 0.086283 0.031291
0 0.092920 0.896349 0.101770 0.043025
1 0.266593 0.910691 0.081858 0.029987
2 0.107301 0.924381 0.134956 0.013038
3 0.276549 0.877445 0.106195 0.020860
0 0.410398 0.872229 0.103982 0.031291
1 0.571903 0.912647 0.095133 0.023468
2 0.432522 0.909387 0.143805 0.040417
3 0.578540 0.876141 0.090708 0.023468
0 0.737832 0.882008 0.152655 0.029987
1 0.871681 0.912647 0.088496 0.023468
2 0.707965 0.914602 0.092920 0.032595
3 0.882743 0.871578 0.079646 0.032595
