4 0.503319 0.028683 0.241150 0.031291
0 0.553097 0.255541 0.075221 0.018253
1 0.850664 0.315515 0.108407 0.033898
3 0.882743 0.286832 0.075221 0.018253
0 0.388274 0.485658 0.121681 0.027379
1 0.394912 0.602999 0.103982 0.027379
3 0.405973 0.567145 0.099558 0.026076
0 0.571903 0.582790 0.112832 0.015645
1 0.868363 0.604302 0.112832 0.029987
3 0.876106 0.565841 0.106195 0.028683
0 0.097345 0.868318 0.110619 0.018253
1 0.546460 0.910691 0.119469 0.029987
3 0.555310 0.863103 0.115044 0.028683
0 0.717920 0.850717 0.103982 0.032595
1 0.880531 0.903520 0.115044 0.036506
