4 0.498894 0.026076 0.250000 0.033898
0 0.152655 0.305737 0.225664 0.016949
1 0.480088 0.318774 0.123894 0.029987
3 0.494469 0.280313 0.095133 0.028683
0 0.478982 0.589961 0.334071 0.016949
1 0.856195 0.599739 0.137168 0.033898
3 0.887168 0.570404 0.066372 0.019557
0 0.111726 0.827249 0.139381 0.019557
1 0.121681 0.901565 0.137168 0.037810
0 0.332965 0.839635 0.121681 0.028683
1 0.511062 0.900261 0.137168 0.032595
0 0.714602 0.861147 0.150442 0.027379
1 0.866150 0.903520 0.117257 0.028683
3 0.876106 0.863103 0.092920 0.026076
