4 0.497788 0.026728 0.230088 0.027379
0 0.863938 0.111473 0.117257 0.014342
1 0.732301 0.129074 0.084071 0.023468
2 0.835177 0.123859 0.059735 0.010430
3 0.742257 0.093220 0.081858 0.024772
0 0.716814 0.256193 0.132743 0.027379
1 0.863938 0.328553 0.139381 0.031291
3 0.877212 0.279661 0.099558 0.027379
0 0.160398 0.602999 0.236726 0.016949
1 0.405973 0.606258 0.130531 0.036506
0 0.579646 0.593220 0.132743 0.015645
1 0.857301 0.600391 0.139381 0.029987
3 0.882743 0.570404 0.079646 0.019557
0 0.879425 0.714472 0.161504 0.018253
1 0.867257 0.900913 0.123894 0.028683
3 0.878319 0.862451 0.097345 0.027379
