0 0.821903 0.174055 0.046460 0.014342
1 0.876106 0.319426 0.119469 0.033898
0 0.194690 0.580183 0.300885 0.018253
1 0.548673 0.580834 0.101770 0.022164
3 0.560841 0.539113 0.108407 0.029987
0 0.720133 0.518253 0.103982 0.016949
1 0.867257 0.613429 0.132743 0.029987
3 0.879425 0.567145 0.108407 0.028683
0 0.136062 0.889831 0.188053 0.014342
1 0.547566 0.878096 0.090708 0.027379
3 0.557522 0.836375 0.101770 0.027379
0 0.712389 0.764016 0.097345 0.028683
1 0.867257 0.910039 0.110619 0.033898
3 0.880531 0.861799 0.110619 0.028683
