4 0.501106 0.028031 0.227876 0.027379
0 0.140487 0.285528 0.196903 0.015645
1 0.386062 0.318774 0.130531 0.027379
3 0.398230 0.279661 0.088496 0.027379
0 0.649336 0.314863 0.236726 0.040417
1 0.878319 0.319426 0.115044 0.036506
0 0.118363 0.585398 0.152655 0.070404
1 0.245575 0.604954 0.119469 0.036506
0 0.507743 0.514993 0.192478 0.041721
1 0.564159 0.603651 0.115044 0.028683
3 0.578540 0.567145 0.112832 0.028683
0 0.734513 0.586701 0.123894 0.070404
1 0.878319 0.605606 0.115044 0.035202
0 0.132743 0.828553 0.185841 0.032595
1 0.351770 0.897001 0.106195 0.033898
3 0.376106 0.867014 0.070796 0.018253
0 0.637168 0.909387 0.283186 0.014342
1 0.876106 0.902216 0.128319 0.033898
2 0.512168 0.923729 0.046460 0.009126
