4 0.500000 0.026728 0.402655 0.032595
0 0.106195 0.232725 0.137168 0.029987
1 0.265487 0.263364 0.097345 0.026076
2 0.118363 0.269883 0.157080 0.023468
3 0.275442 0.226858 0.090708 0.020860
0 0.394912 0.214472 0.081858 0.043025
1 0.548673 0.254237 0.097345 0.028683
2 0.444690 0.264016 0.075221 0.014342
3 0.574115 0.230117 0.073009 0.016949
0 0.733407 0.211864 0.126106 0.029987
2 0.724558 0.252934 0.112832 0.013038
1 0.875000 0.264016 0.108407 0.027379
3 0.898230 0.230769 0.070796 0.015645
0 0.091814 0.445893 0.103982 0.031291
2 0.077434 0.486310 0.079646 0.026076
1 0.259956 0.473272 0.103982 0.028683
0 0.411504 0.445893 0.115044 0.031291
1 0.557522 0.475228 0.092920 0.029987
2 0.419248 0.468057 0.130531 0.010430
3 0.559735 0.441330 0.088496 0.019557
0 0.726770 0.425033 0.112832 0.028683
2 0.722345 0.463494 0.103982 0.022164
1 0.875000 0.477836 0.099558 0.027379
3 0.899336 0.445241 0.073009 0.016949
0 0.120575 0.661017 0.134956 0.028683
2 0.107301 0.698175 0.108407 0.022164
1 0.253319 0.691004 0.099558 0.028683
3 0.265487 0.650587 0.084071 0.028683
0 0.576327 0.569752 0.117257 0.070404
1 0.554204 0.692308 0.095133 0.028683
3 0.568584 0.650587 0.079646 0.031291
0 0.734513 0.651890 0.128319 0.031291
1 0.879425 0.691656 0.081858 0.027379
3 0.898230 0.659713 0.075221 0.018253
2 0.740044 0.681877 0.134956 0.013038
0 0.279867 0.779661 0.143805 0.031291
2 0.240044 0.822686 0.064159 0.013038
1 0.265487 0.913299 0.084071 0.029987
3 0.275442 0.877445 0.077434 0.020860
0 0.411504 0.881356 0.115044 0.028683
1 0.557522 0.913299 0.092920 0.027379
2 0.396018 0.902216 0.084071 0.013038
3 0.567478 0.877445 0.081858 0.020860
0 0.701327 0.860495 0.066372 0.031291
1 0.876106 0.913299 0.101770 0.027379
2 0.722345 0.898305 0.103982 0.020860
3 0.900442 0.880704 0.070796 0.016949
