0 0.082965 0.555411 0.090708 0.044329
1 0.255531 0.532595 0.090708 0.027379
3 0.261062 0.496741 0.092920 0.020860
2 0.084071 0.622555 0.092920 0.024772
0 0.442478 0.540417 0.123894 0.014342
1 0.459071 0.604302 0.112832 0.035202
0 0.652655 0.501956 0.119469 0.028683
1 0.659292 0.602999 0.132743 0.027379
3 0.674779 0.565189 0.084071 0.027379
1 0.867257 0.606258 0.106195 0.026076
0 0.872788 0.502608 0.148230 0.029987
3 0.879425 0.564537 0.086283 0.026076
0 0.845133 0.776402 0.137168 0.045632
1 0.857301 0.906128 0.130531 0.033898
3 0.868363 0.853325 0.143805 0.029987
