0 0.146018 0.231421 0.212389 0.029987
4 0.497788 0.026076 0.402655 0.031291
2 0.106195 0.264668 0.132743 0.010430
1 0.554204 0.258801 0.095133 0.027379
3 0.565265 0.226206 0.095133 0.022164
0 0.733407 0.229465 0.126106 0.059974
2 0.735619 0.275750 0.130531 0.011734
1 0.884956 0.263364 0.092920 0.026076
3 0.894912 0.225554 0.086283 0.023468
0 0.727876 0.450456 0.115044 0.043025
1 0.882743 0.473924 0.106195 0.024772
2 0.732301 0.485007 0.123894 0.023468
3 0.893805 0.436115 0.106195 0.029987
0 0.165929 0.670143 0.256637 0.033898
1 0.532080 0.684485 0.130531 0.033898
2 0.076327 0.698175 0.073009 0.022164
3 0.540929 0.632986 0.126106 0.032595
0 0.731195 0.641460 0.121681 0.044329
1 0.883850 0.691004 0.095133 0.023468
2 0.710177 0.698827 0.079646 0.026076
0 0.433628 0.841591 0.154867 0.043025
2 0.415929 0.887223 0.115044 0.022164
1 0.546460 0.912647 0.084071 0.026076
3 0.575221 0.878748 0.070796 0.015645
0 0.108407 0.864407 0.137168 0.044329
1 0.257743 0.912647 0.099558 0.026076
2 0.071903 0.913950 0.064159 0.013038
3 0.285398 0.876793 0.075221 0.022164
