4 0.502212 0.027379 0.407080 0.031291
0 0.112832 0.232725 0.146018 0.029987
1 0.268805 0.264016 0.086283 0.024772
3 0.276549 0.226206 0.088496 0.022164
2 0.094027 0.269231 0.103982 0.024772
0 0.538717 0.141460 0.046460 0.029987
2 0.549779 0.180574 0.068584 0.024772
1 0.570796 0.263364 0.115044 0.026076
3 0.580752 0.221643 0.081858 0.031291
0 0.728982 0.242503 0.134956 0.031291
2 0.714602 0.270535 0.115044 0.022164
1 0.875000 0.258801 0.103982 0.029987
3 0.903761 0.231421 0.064159 0.016949
0 0.091814 0.435463 0.103982 0.031291
2 0.106195 0.462842 0.132743 0.020860
1 0.254425 0.478488 0.097345 0.028683
3 0.280973 0.443286 0.070796 0.018253
0 0.417035 0.428944 0.117257 0.044329
1 0.573009 0.477836 0.088496 0.027379
2 0.431416 0.478488 0.146018 0.036506
3 0.579646 0.436767 0.075221 0.033898
0 0.720133 0.426988 0.117257 0.043025
2 0.726770 0.465450 0.126106 0.013038
1 0.877212 0.475880 0.095133 0.028683
3 0.900442 0.443937 0.066372 0.016949
0 0.283186 0.572360 0.106195 0.031291
2 0.267699 0.609518 0.066372 0.022164
1 0.257743 0.692308 0.103982 0.028683
3 0.282080 0.659061 0.068584 0.016949
0 0.554204 0.552151 0.077434 0.058670
1 0.566372 0.692308 0.101770 0.026076
2 0.535398 0.598435 0.044248 0.015645
3 0.578540 0.649935 0.090708 0.029987
0 0.901549 0.588005 0.077434 0.015645
1 0.881637 0.691656 0.103982 0.024772
2 0.900442 0.617340 0.070796 0.022164
3 0.894912 0.650587 0.077434 0.031291
0 0.120575 0.870274 0.157080 0.029987
1 0.266593 0.912647 0.108407 0.026076
2 0.121681 0.918514 0.154867 0.022164
3 0.275442 0.871578 0.077434 0.032595
0 0.428097 0.885267 0.143805 0.044329
1 0.570796 0.913950 0.101770 0.026076
2 0.396018 0.920469 0.079646 0.023468
3 0.580752 0.871578 0.081858 0.032595
0 0.914823 0.764668 0.073009 0.043025
2 0.917035 0.842243 0.077434 0.023468
1 0.878319 0.913950 0.119469 0.028683
3 0.900442 0.875489 0.084071 0.024772
